student_name1
20
11
6
9
26
50
13000
student_name2
6
15
8
1
4
50
54000
student_name3
20
14
8
1
4
50
16000
student_name4
15
18
8
2
10
50
41000
student_name5
21
21
6
2
4
50
36000
student_name6
19
13
6
4
10
50
19000
student_name7
15
17
2
8
49
50
37000
student_name8
13
22
4
1
10
50
33000
student_name9
5
20
8
48
529
50
19000
student_name10
5
19
4
1
6
50
46000
student_name11
12
14
6
1
9
50
21000
student_name12
20
18
6
530
2021
50
43000
student_name13
20
16
4
2
22
50
33000
student_name14
7
10
2
5
35
50
15000
student_name15
6
20
8
33
115
50
17000
student_name16
21
16
4
2
10
50
45000
student_name17
4
22
4
5
10
50
35000
student_name18
21
13
2
4
35
50
35000
student_name19
19
20
4
57
123
50
41000
student_name20
20
24
6
12
25
50
5000
student_name21
7
23
8
2
4
50
10000
student_name22
8
22
8
14
35
50
49000
student_name23
10
24
4
1
4
50
45000
student_name24
9
10
6
3
10
50
16000
student_name25
4
16
2
1
14
50
41000
student_name26
12
15
6
2
4
50
29000
student_name27
6
15
8
3
6
50
42000
student_name28
18
14
2
7
14
50
5000
student_name29
3
12
4
3
6
50
45000
student_name30
12
18
4
2
10
50
11000
student_name31
12
12
4
1
9
50
42000
student_name32
5
25
2
24
49
50
14000
student_name33
10
18
6
18
94
50
34000
student_name34
16
22
8
5
26
50
13000
student_name35
11
22
6
2
6
50
12000
student_name36
9
18
8
7
22
50
22000
student_name37
11
20
2
3
35
50
33000
student_name38
7
24
8
2
46
50
38000
student_name39
5
19
4
3
6
50
18000
student_name40
21
20
6
63
235
50
3000

4
24
8
13
35
50
14000
